0.00726821
0.00756055
0.00732599
0.00724669
0.00760923
0.00732372
0.00734749
0.00729838
0.00704529
0.00662241
0.00661586
0.00659333
0.00654429
0.00649305
0.00695044
0.00685500
0.00724468
0.00686287
0.00691877
0.00684332
0.00726544
0.00748250
0.00799698
0.00732150
0.00702901
0.00723645
0.00690808
0.00662290
0.00661950
0.00674062
0.00665046
0.00636915
0.00683302
0.00639127
0.00659624
0.00635173
0.00669553
0.00681543
0.00639943
0.00636593
0.00697689
0.00686065
0.00670131
0.00671522
0.00664280
0.00625437
0.00619471
0.00607219
0.00635985
0.00635328
0.00727898
0.00699059
0.00711054
0.00678992
0.00711734
0.00664044
0.00611729
0.00608664
0.00629956
0.00639168
0.00603391
0.00583602
0.00608507
0.00575730
0.00522799
0.00582484
0.00613770
0.00588879
0.00635297
0.00623919
0.00665507
0.00635556
0.00660193
0.00635554
0.00648493
0.00596235
0.00582777
0.00587079
0.00624435
0.00555554
0.00566103
0.00588523
0.00516290
0.00554384
0.00553416
0.00568930
0.00598316
0.00580027
0.00566501
0.00541114
0.00586892
0.00595107
0.00613601
0.00633745
0.00681416
0.00693696
0.00608071
0.00614614
0.00618430
0.00628829
0.00624890
0.00600047
0.00580072
0.00574829
0.00579886
0.00631566
0.00623896
0.00634981
0.00664409
0.00682974
0.00694439
0.00684803
0.00705536
0.00665289
0.00664606
0.00676039
0.00669295
0.00677315
0.00710109
0.00696949
0.00626850
0.00655004
0.00649674
0.00714856
0.00714506
0.00662440
0.00727247
0.00775665
0.00706185
0.00690118
0.00680424
0.00639027
0.00650089
0.00693715
0.00679736
0.00699465
0.00729833
0.00757139
0.00742012
0.00687508
0.00773289
0.00721763
0.00743402
0.00710576
0.00757273
0.00746364
0.00670875
0.00714872
0.00693780
0.00750953
0.00807869
0.00780048
0.00761507
0.00767620
0.00697826
0.00647826
0.00616125
0.00592371
0.00548142
0.00565287
0.00640818
0.00630083
0.00624325
0.00536809
0.00574626
0.00555369
0.00584044
0.00570108
0.00589321
0.00635503
0.00604905
0.00586839
0.00586573
0.00584341
0.00579952
0.00588639
0.00615635
0.00627962
0.00641638
0.00670459
0.00659386
0.00634367
0.00636935
0.00643654
0.00630460
0.00679578
0.00683493
0.00680172
0.00676138
0.00683525
0.00675755
0.00675041
0.00634089
0.00688541
0.00737191
0.00746155
0.00762107
0.00773408
0.00779620
0.00791132
0.00769782
0.00802438
0.00851702
0.00848686
0.00792101
0.00821621
0.00827953
0.00771761
0.00698476
0.00695429
0.00686029
0.00708914
0.00717409
0.00693804
0.00737091
0.00721242
0.00724196
0.00764772
0.00762421
0.00765112
0.00773744
0.00783302
0.00710000
0.00647946
0.00655837
0.00652544
0.00665532
0.00692295
0.00671557
0.00648272
0.00622547
0.00652308
0.00594011
0.00631417
0.00584594
0.00604133
0.00639171
0.00630567
0.00654463
0.00663777
0.00669741
0.00637740
0.00624882
0.00653632
0.00712487
0.00705287
0.00658988
0.00685886
0.00689189
0.00689975
0.00732045
0.00683967
0.00724228
0.00718129
0.00765918
0.00727174
0.00760309
0.00761159
0.00696443
0.00697255
0.00694838
0.00773743
0.00770948
0.00674168
0.00661735
0.00686070
0.00665698
0.00726836
0.00739403
0.00763000
0.00742393
0.00696481
0.00730258
0.00731665
0.00707496
0.00747229
0.00749317
0.00773679
0.00769926
0.00809168
0.00799825
0.00806033
0.00784491
0.00780847
0.00724604
0.00767291
0.00771425
0.00744052
0.00733229
0.00713787
0.00679799
0.00679092
0.00683145
0.00681096
0.00703096
0.00696719
0.00694805
0.00644907
0.00696974
0.00626837
0.00585994
0.00653982
0.00683292
0.00632000
0.00644343
0.00656520
0.00668600
0.00720603
0.00723572
0.00690793
0.00658228
0.00754235
0.00756004
0.00718610
0.00717440
0.00710848
0.00722246
0.00735753
0.00729043
0.00746909
0.00723164
0.00700793
0.00671029
0.00666825
0.00672458
0.00704424
0.00714215
0.00691407
0.00652877
0.00645979
0.00603576
0.00644870
0.00650639
0.00629605
0.00663703
0.00617886
0.00644248
0.00660438
0.00695451
0.00682951
0.00721183
0.00728240
0.00714304
0.00676077
0.00697435
0.00713486
0.00674061
0.00677929
0.00664442
0.00628180
0.00634238
0.00714966
0.00689273
0.00661975
0.00641764
0.00624001
0.00636820
0.00634561
0.00594393
0.00591645
0.00612568
0.00612085
0.00576038
0.00604825
0.00600982
0.00614576
0.00610126
0.00564595
0.00599098
0.00567348
0.00575892
0.00646251
0.00625323
0.00576027
0.00585518
0.00537189
0.00587133
0.00611918
0.00613933
0.00607162
0.00619202
0.00636272
0.00592332
0.00576901
0.00571781
0.00585249
0.00568768
0.00580275
0.00553414
0.00559462
0.00547562
0.00528597
0.00509326
0.00483855
0.00479439
0.00510035
0.00511585
0.00529063
0.00533545
0.00522752
0.00541699
0.00498925
0.00517604
0.00527990
0.00531748
0.00526941
0.00533676
0.00553325
0.00591098
0.00627615
0.00591181
0.00586262
0.00571361
0.00559767
0.00529564
0.00536628
0.00487740
0.00504906
0.00493954
0.00460544
0.00509767
0.00503750
0.00522880
0.00530044
0.00500553
0.00510872
0.00552646
0.00554025
0.00581743
0.00559070
0.00590099
0.00609488
0.00661785
0.00629158
0.00683035
0.00675179
0.00715903
0.00689553
0.00680139
0.00682203
0.00662157
0.00647605
0.00746778
0.00779586
0.00770066
0.00797668
0.00728578
0.00754670
0.00779895
0.00709401
0.00732931
0.00736321
0.00772420
0.00873685
0.00925679
0.00851347
0.00824331
0.00831216
0.00832238
0.00893713
0.00825299
0.00810297
0.00827673
0.00831673
0.00834440
0.00802240
0.00848551
0.00868607
0.00818617
0.00810987
0.00815289
0.00794522
0.00783503
0.00811566
0.00790570
0.00752761
0.00747262
0.00719279
0.00731492
0.00722915
0.00771075
0.00787440
0.00738733
0.00732276
0.00761538
0.00745548
0.00773333
0.00734184
0.00724982
0.00739027
0.00806447
0.00778274
0.00861106
0.00776854
0.00752631
0.00708167
0.00733815
0.00733055
0.00672688
0.00644034
0.00674205
0.00632321
0.00633657
0.00660614
0.00641448
0.00681728
0.00653442
0.00610146
0.00624998
0.00599911
0.00616902
0.00633097
0.00580492
0.00589935
0.00636805
0.00632794
0.00635112
0.00578111
0.00609546
0.00620953
0.00622086
0.00615386
0.00603086
0.00623176
0.00580664
0.00619655
0.00646435
0.00590975
0.00612968
0.00623762
0.00627421
0.00608414
0.00639284
0.00612279
0.00556162
0.00560228
0.00547616
0.00565036
0.00615213
0.00583930
0.00654242
0.00625907
0.00617785
0.00661533
0.00643724
0.00652026
0.00691358
0.00676604
0.00675129
0.00674704
0.00626406
0.00619234
0.00621412
0.00577633
0.00524555
0.00514939
0.00592006
0.00614683
0.00625699
0.00626837
0.00575678
0.00614492
0.00666527
0.00703959
0.00728940
0.00723779
0.00704550
0.00685902
0.00703932
0.00693053
0.00664283
0.00684412
0.00675389
0.00631957
0.00620366
0.00616760
0.00663864
0.00626516
0.00617751
0.00620791
0.00599995
0.00571574
0.00609484
0.00605665
0.00597609
0.00584910
0.00608167
0.00540653
0.00516393
0.00584313
0.00598711
0.00681648
0.00622270
0.00598170
0.00632884
0.00634073
0.00626186
0.00655839
0.00608271
0.00653388
0.00688344
0.00638140
0.00627579
0.00638917
0.00610339
0.00587632
0.00576485
0.00592829
0.00605259
0.00628132
0.00635378
0.00679213
0.00650320
0.00650394
0.00612032
0.00637593
0.00618908
0.00603243
0.00596661
0.00656074
0.00663328
0.00700961
0.00673975
0.00619779
0.00612518
0.00661311
0.00615624
0.00623739
0.00660271
0.00676146
0.00700141
0.00666138
0.00663628
0.00635636
0.00651511
0.00609781
0.00601786
0.00511314
0.00525046
0.00607128
0.00603463
0.00582540
0.00592942
0.00558937
0.00533200
0.00545764
0.00538700
0.00513619
0.00532429
0.00543652
0.00580931
0.00549196
0.00594400
0.00588914
0.00518249
0.00512814
0.00516036
0.00526694
0.00580355
0.00555318
0.00563571
0.00575655
0.00602811
0.00623742
0.00611359
0.00575728
0.00598753
0.00583821
0.00620951
0.00605906
0.00621601
0.00633456
0.00610651
0.00589602
0.00573024
0.00566638
0.00605269
0.00576803
0.00587790
0.00603378
0.00598013
0.00617503
0.00603071
0.00652939
0.00673256
0.00713629
0.00747898
0.00765145
0.00767343
0.00806103
0.00806556
0.00758911
0.00769570
0.00746691
0.00654406
0.00682736
0.00646648
0.00692171
0.00600927
0.00658571
0.00610222
0.00598766
0.00622227
0.00656677
0.00599445
0.00582200
0.00566159
0.00589613
0.00622311
0.00684421
0.00702014
0.00655207
0.00636564
0.00555815
0.00585295
0.00611376
0.00602710
0.00607498
0.00595382
0.00577606
0.00552814
0.00574058
0.00602812
0.00621715
0.00604855
0.00578408
0.00622417
0.00613148
0.00667841
0.00649561
0.00697611
0.00657184
0.00652873
0.00660652
0.00641116
0.00646143
0.00663959
0.00629302
0.00634282
0.00599720
0.00585520
0.00577085
0.00562871
0.00572422
0.00623157
0.00594802
0.00538715
0.00613844
0.00561198
0.00579889
0.00552004
0.00559096
0.00613686
0.00623566
0.00657704
0.00636306
0.00654123
0.00695681
0.00754439
0.00738530
0.00702789
0.00713405
0.00720681
0.00697379
0.00678024
0.00661800
0.00729889
0.00701246
0.00716003
0.00723673
0.00701246
0.00714971
0.00698738
0.00683430
0.00663942
0.00722090
0.00724873
0.00698779
0.00680215
0.00656663
0.00679064
0.00614138
0.00618565
0.00596982
0.00602136
0.00620420
0.00627518
0.00613781
0.00655792
0.00699808
0.00662790
0.00660020
0.00711932
0.00698894
0.00705905
0.00726077
0.00667680
0.00665111
0.00659787
0.00678125
0.00641384
0.00608686
0.00615406
0.00562798
0.00517747
0.00553587
0.00589853
0.00594845
0.00576196
0.00536981
0.00521479
0.00451685
0.00474097
0.00502011
0.00477671
0.00465833
0.00527147
0.00525050
0.00520482
0.00533310
0.00524347
0.00484421
0.00514061
0.00509325
0.00541595
0.00496388
0.00545901
0.00573406
0.00549383
0.00586689
0.00619638
0.00588577
0.00545874
0.00586375
0.00584303
0.00586401
0.00566513
0.00600427
0.00622046
0.00604800
0.00572531
0.00563123
0.00547606
0.00591400
0.00562540
0.00590251
0.00623383
0.00619091
0.00601312
0.00688537
0.00676313
0.00663702
0.00627850
0.00638002
0.00596207
0.00554780
0.00629227
0.00664003
0.00701165
0.00650691
0.00623407
0.00671907
0.00730227
0.00718823
0.00689286
0.00691124
0.00696772
0.00690437
0.00710016
0.00689120
0.00683150
0.00726951
0.00749311
0.00816590
0.00813026
0.00817434
0.00873812
0.00899107
0.00890923
0.00880407
0.00871969
0.00863961
0.00833493
0.00839676
0.00754382
0.00784819
0.00774816
0.00782253
0.00857845
0.00810743
0.00841555
0.00794818
0.00798398
0.00836840
0.00835332
0.00871666
0.00887106
0.00922611
0.00883196
0.00871898
0.00861886
0.00806741
0.00806892
0.00754315
0.00768391
0.00715836
0.00715675
0.00832508
0.00727203
0.00753740
0.00741739
0.00811965
0.00848903
0.00872328
0.00897756
0.00872337
0.00904923
0.00843071
0.00841766
0.00819284
0.00828294
0.00783595
0.00798261
0.00838379
0.00842747
0.00861470
0.00804865
0.00810584
0.00766946
0.00757615
0.00747191
0.00765067
0.00760387
0.00730301
0.00743863
0.00763784
0.00780100
0.00740341
0.00777301
0.00737921
0.00701284
0.00735168
0.00709364
0.00706916
0.00708389
0.00727344
0.00692418
0.00684930
0.00673555
0.00634580
0.00653157
0.00637757
0.00613113
0.00643559
0.00622653
0.00651191
0.00597045
0.00612938
0.00647636
0.00687486
0.00718277
0.00721515
0.00750238
0.00744368
0.00676992
0.00717413
0.00644843
0.00673685
0.00684467
0.00639407
0.00647740
0.00648241
0.00598198
0.00619287
0.00613246
0.00620443
0.00629714
0.00560890
0.00626708
0.00582222
0.00542281
0.00567593
0.00624255
0.00612499
0.00594304
0.00629083
0.00619323
0.00607983
0.00634044
0.00635258
0.00678774
0.00570349
0.00642804
0.00652616
0.00635172
0.00667684
0.00655559
0.00713414
0.00690132
0.00690155
0.00681253
0.00732014
0.00752058
0.00696638
0.00704096
0.00632769
0.00679395
0.00657080
0.00654872
0.00647849
0.00724625
0.00719395
0.00732426
0.00692455
0.00680111
0.00667388
0.00677031
0.00692863
0.00698018
0.00701148
0.00650826
0.00635363
0.00637270
0.00611488
0.00587563
0.00607994
0.00581145
0.00559760
0.00595137
0.00661048
0.00668317
0.00649765
0.00682343
0.00683909
0.00677081
0.00710901
0.00771153
0.00690680
0.00728766
0.00745672
0.00740449
0.00780297
0.00792420
0.00764760
0.00711316
0.00675343
0.00708780
0.00720894
0.00746602
0.00765342
0.00702946
0.00753172
0.00729422
0.00723245
0.00703537
0.00757435
0.00747096
0.00786993
0.00770072
0.00805895
0.00735491
0.00690419
0.00722476
0.00796920
0.00803820
0.00846914
0.00851821
0.00790711
0.00768062
0.00832043
0.00811355
0.00799540
0.00822232
0.00820971
0.00782932
0.00841550
0.00831543
0.00850440
0.00814917
0.00721193
0.00724709
0.00725763
0.00677359
0.00713754
0.00753682
0.00777793
0.00766561
0.00784603
0.00846649
0.00790421
0.00704537
0.00743004
0.00760755
0.00785868
0.00781620
0.00788544
0.00736503
0.00760432
0.00811256
0.00776626
0.00766219
0.00701914
0.00687879
0.00702885
0.00711775
0.00705116
0.00663168
0.00667351
0.00706019
0.00705003
0.00742273
0.00742062
0.00660596
0.00674589
0.00609263
0.00639982
0.00702802
0.00661255
0.00623566
0.00600845
0.00630343
0.00592218
0.00582191
0.00598458
0.00654050
0.00682546
0.00679388
0.00678874
0.00708518
0.00682799
0.00690823
0.00740003
0.00731909
0.00716478
0.00756098
0.00724231
0.00755528
0.00739484
0.00763400
0.00767862
0.00778022
0.00761440
0.00789892
0.00774145
0.00786025
0.00802560
0.00773196
0.00758862
0.00756684
0.00803218
0.00762530
0.00796934
0.00811878
0.00802267
0.00834051
0.00855531
0.00825574
0.00828534
0.00819350
0.00912998
0.00918385
0.00848433
0.00841162
0.00859446
0.00885496
0.00849549
0.00856476
0.00876515
0.00863046
0.00793946
0.00786088
0.00835395
0.00829396
0.00806173
0.00765135
0.00834410
0.00869209
0.00830092
0.00762618
0.00742050
0.00742507
0.00775915
0.00777408
0.00818092
0.00795536
0.00836529
0.00780241
0.00799057
0.00738880
0.00753455
0.00746113
0.00717578
0.00737988
0.00717732
0.00775968
0.00715122
0.00700247
0.00717539
0.00698371
0.00711000
0.00711636
0.00734012
0.00740725
0.00804594
0.00813973
0.00784233
0.00787958
0.00796854
0.00835845
0.00845881
0.00763129
0.00792051
0.00761218
0.00777451
0.00830154
0.00887486
0.00895630
0.00875234
0.00853917
0.00897106
0.00966635
0.00944569
0.00867459
0.00913016
0.00836288
0.00807290
0.00790321
0.00753154
0.00671304
0.00657473
0.00668837
0.00688070
0.00703264
0.00714872
0.00699193
0.00691881
0.00705522
0.00653778
0.00650658
0.00632726
0.00665457
0.00673050
0.00639138
0.00655279
0.00609775
0.00630623
0.00598806
0.00579800
0.00551924
0.00602845
0.00643698
0.00657823
0.00686921
0.00706586
0.00657313
0.00661276
0.00701525
0.00704500
0.00734023
0.00731053
0.00687453
0.00704130
0.00686342
0.00673762
0.00741200
0.00715701
0.00675590
0.00643519
0.00697561
0.00664392
0.00684855
0.00706149
0.00697944
0.00692985
0.00766339
0.00696221
0.00656236
0.00676905
0.00709915
0.00685661
0.00691776
0.00681999
0.00690171
0.00662699
0.00698093
0.00730257
0.00742978
0.00655717
0.00636177
0.00662219
0.00653549
0.00633579
0.00620589
0.00615477
0.00592477
0.00569953
0.00584762
0.00619170
0.00660485
0.00667626
0.00624885
0.00608458
0.00657326
0.00562995
0.00583101
0.00569013
0.00556568
0.00583954
0.00556845
0.00544827
0.00549718
0.00536213
0.00570852
0.00506522
0.00583281
0.00606245
0.00573408
0.00574238
0.00562116
0.00562248
0.00566812
0.00541982
0.00485675
0.00489999
0.00444206
0.00447761
0.00436541
0.00467422
0.00474770
0.00478759
0.00542614
0.00559880
0.00557749
0.00575174
0.00573960
0.00573264
0.00602265
0.00589221
0.00601042
0.00603898
0.00607717
0.00609562
0.00613674
0.00616645
0.00632743
0.00623972
0.00680244
0.00664769
0.00725119
0.00673577
0.00700532
0.00725883
0.00698552
0.00636678
0.00661218
0.00708281
0.00718405
0.00788067
0.00810598
0.00805493
0.00795892
0.00804382
0.00802377
0.00766226
0.00690119
0.00666639
0.00678138
0.00659518
0.00647109
0.00652217
0.00623677
0.00638570
0.00654295
0.00673230
0.00685939
0.00654656
0.00624148
0.00622116
0.00663205
0.00706411
0.00655800
0.00582894
0.00553104
0.00586267
0.00592856
0.00581531
0.00603203
0.00593401
0.00571135
0.00493618
0.00505878
0.00529517
0.00541593
0.00559639
0.00518817
0.00526146
0.00520118
0.00549130
0.00529773
0.00566075
0.00571495
0.00615624
0.00600890
0.00618559
0.00634153
0.00618313
0.00627300
0.00658719
0.00680965
0.00687078
0.00660858
0.00631428
0.00638470
0.00608028
0.00644231
0.00660221
0.00707139
0.00689054
0.00686691
0.00656771
0.00621960
0.00632751
0.00628069
0.00647886
0.00640464
0.00628293
0.00660180
0.00724062
0.00688150
0.00737801
0.00696017
0.00683413
0.00717365
0.00795540
0.00852330
0.00818270
0.00790578
0.00844739
0.00832998
0.00803365
0.00776581
0.00744183
0.00835161
0.00820876
0.00818247
0.00771156
0.00774757
0.00750242
0.00734896
0.00754918
0.00744041
0.00699799
0.00719933
0.00685842
0.00718811
0.00690607
0.00704228
0.00679384
0.00641252
0.00695744
0.00701813
0.00657496
0.00626850
0.00713819
0.00705462
0.00717439
0.00653812
0.00663116
0.00685116
0.00687178
0.00667453
0.00679457
0.00674605
0.00677924
0.00692280
0.00673078
0.00610532
0.00638511
0.00648238
0.00582053
0.00579805
0.00567389
0.00574955
0.00557736
0.00560751
0.00578518
0.00583216
0.00623245
0.00594027
0.00596847
0.00598763
0.00583385
0.00598729
0.00558332
0.00614040
0.00639703
0.00661067
0.00641860
0.00595300
0.00607987
0.00672587
0.00682861
0.00676392
0.00635254
0.00651582
0.00632045
0.00627861
0.00643719
0.00598459
0.00595578
0.00609798
0.00674253
0.00646330
0.00676648
0.00622220
0.00613533
0.00580610
0.00586417
0.00578175
0.00541784
0.00559840
0.00567057
0.00591778
0.00640363
0.00571477
0.00547426
0.00534945
0.00540687
0.00535091
0.00534317
0.00576755
0.00656923
0.00708382
0.00730619
0.00737769
0.00701936
0.00666189
0.00670087
0.00669776
0.00612023
0.00629697
0.00653923
0.00675812
0.00703407
0.00764024
0.00764214
0.00848701
0.00749929
0.00788883
0.00767372
0.00729909
0.00706256
0.00723567
0.00747998
0.00720739
0.00742670
0.00689815
0.00710144
0.00707477
0.00760358
0.00734880
0.00718749
0.00711146
0.00728035
0.00744233
0.00683845
0.00697653
0.00663068
0.00623250
0.00595669
0.00618515
0.00715957
0.00671584
0.00733011
0.00716501
0.00706156
0.00705084
0.00684861
0.00695948
0.00700127
0.00713766
0.00738139
0.00712789
0.00683747
0.00663937
0.00697062
0.00730551
0.00738754
0.00698575
0.00688022
0.00697977
0.00687946
0.00668655
0.00685300
0.00740792
0.00685260
0.00666506
0.00670718
0.00645704
0.00606632
0.00622745
0.00617068
0.00621591
0.00656727
0.00665201
0.00630510
0.00634004
0.00657580
0.00674173
0.00677102
0.00686312
0.00696736
0.00686655
0.00723982
0.00697054
0.00669962
0.00668239
0.00676138
0.00667003
0.00703833
0.00703710
0.00684508
0.00689601
0.00670382
0.00677757
0.00713882
0.00673551
0.00676116
0.00641762
0.00702851
0.00657253
0.00661155
0.00690677
0.00682756
0.00683597
0.00676875
0.00657676
0.00672397
0.00673833
0.00665450
0.00691155
0.00653368
0.00643023
0.00724821
0.00685167
0.00663795
0.00698861
0.00672717
0.00652995
0.00668430
0.00658052
0.00633141
0.00661401
0.00657177
0.00683730
0.00699453
0.00695137
0.00711755
0.00668648
0.00651246
0.00668005
0.00634164
0.00698373
0.00717349
0.00696223
0.00694401
0.00658398
0.00664656
0.00647962
0.00679342
0.00668783
0.00710573
0.00747924
0.00733945
0.00767777
0.00733475
0.00762662
0.00733190
0.00752016
0.00748098
0.00734331
0.00802398
0.00825412
0.00851378
0.00798496
0.00779122
0.00765640
0.00771095
0.00700477
0.00670181
0.00603074
0.00694274
0.00711331
0.00719012
0.00698052
0.00663714
0.00593631
0.00528760
0.00582332
0.00566772
0.00579592
0.00612250
0.00683423
0.00656817
0.00615412
0.00607827
0.00642752
0.00652240
0.00637231
0.00624142
0.00635727
0.00623417
0.00675317
0.00725185
0.00687634
0.00625851
0.00593698
0.00623397
0.00622572
0.00642236
0.00670087
0.00696383
0.00730170
0.00753503
0.00736729
0.00689140
0.00706372
0.00695080
0.00683300
0.00676243
0.00691887
0.00674709
0.00708842
0.00759881
0.00728995
0.00727066
0.00702598
0.00749055
0.00726132
0.00710523
0.00713016
0.00716314
0.00712975
0.00708194
0.00779013
0.00803948
0.00760970
0.00811501
0.00816751
0.00857848
0.00872188
0.00841544
0.00891343
0.00899855
0.00972042
0.00887724
0.00895094
0.00849602
0.00868899
0.00828007
0.00779420
0.00802657
0.00794207
0.00778299
0.00749812
0.00795532
0.00788082
0.00777105
0.00756587
0.00770235
0.00749810
0.00761200
0.00750636
0.00707457
0.00706517
0.00709607
0.00711390
0.00674795
0.00681512
0.00710220
0.00668620
0.00621601
0.00621965
0.00607094
0.00628030
0.00624885
0.00606921
0.00641588
0.00605029
0.00636748
0.00630643
0.00646046
0.00674870
0.00685036
0.00687804
0.00643156
0.00636576
0.00619171
0.00604145
0.00615458
0.00625820
0.00609573
0.00631898
0.00621530
0.00627359
0.00659932
0.00617884
0.00585646
0.00597548
0.00630273
0.00614408
0.00576598
0.00612462
0.00653132
0.00691768
0.00626265
0.00592861
0.00560126
0.00530565
0.00600280
0.00572180
0.00603097
0.00619665
0.00643927
0.00619077
0.00618806
0.00586997
0.00654732
0.00654077
0.00653092
0.00595572
0.00634731
0.00626208
0.00605172
0.00647894
0.00595595
0.00643861
0.00659605
0.00661121
0.00669793
0.00683911
0.00670863
0.00711102
0.00742008
0.00695880
0.00788443
0.00854666
0.00804483
0.00778568
0.00785294
0.00705566
0.00700283
0.00672992
0.00669190
0.00703026
0.00691184
0.00697712
0.00675348
0.00695534
0.00634977
0.00638273
0.00590586
0.00604420
0.00657779
0.00667250
0.00601397
0.00630574
0.00659850
0.00638187
0.00670915
0.00621155
0.00660463
0.00628206
0.00695019
0.00756965
0.00762713
0.00733559
0.00710181
0.00696729
0.00697631
0.00690799
0.00672633
0.00661763
0.00659367
0.00644685
0.00667808
0.00707325
0.00769888
0.00708427
0.00697206
0.00696692
0.00678904
0.00646467
0.00641325
0.00662770
0.00636353
0.00668854
0.00655068
0.00680286
0.00758602
0.00702488
0.00663834
0.00629177
0.00639436
0.00690509
0.00677589
0.00617872
0.00644597
0.00634563
0.00596125
0.00603255
0.00590159
0.00588270
0.00542387
0.00542730
0.00560105
0.00567205
0.00578646
0.00576935
0.00574568
0.00603283
0.00570264
0.00598711
0.00579653
0.00612276
0.00583777
0.00606014
0.00561519
0.00558130
0.00524066
0.00561333
0.00559759
0.00505669
0.00516293
0.00538262
0.00528361
0.00511518
0.00538553
0.00467618
0.00539567
0.00550246
0.00531586
0.00547849
0.00563818
0.00541572
0.00529501
0.00556140
0.00615269
0.00653628
0.00672175
0.00684346
0.00627370
0.00681401
0.00711092
0.00667053
0.00635080
0.00673914
0.00697905
0.00683765
0.00650861
0.00639582
0.00683819
0.00699454
0.00706824
0.00694457
0.00686259
0.00712512
0.00710439
0.00742862
0.00731366
0.00746500
0.00710921
0.00743906
0.00719997
0.00793483
0.00744788
0.00801307
0.00739365
0.00714405
0.00683113
0.00703077
0.00680665
0.00636308
0.00634932
0.00642763
0.00657912
0.00633469
0.00687800
0.00686729
0.00663694
0.00673888
0.00694015
0.00730312
0.00738547
0.00678904
0.00701064
0.00710143
0.00663039
0.00635078
0.00620492
0.00623870
0.00643954
0.00673831
0.00676513
0.00723466
0.00719302
0.00733062
0.00737423
0.00716397
0.00675951
0.00669171
0.00717329
0.00685341
0.00709710
0.00656472
0.00674579
0.00699137
0.00641814
0.00686561
0.00665135
0.00632625
0.00594264
0.00591544
0.00571131
0.00586605
0.00540616
0.00543625
0.00547618
0.00607063
0.00588121
0.00552487
0.00543178
0.00541295
0.00515906
0.00510713
0.00584668
0.00629235
0.00645921
0.00577441
0.00567673
0.00553238
0.00558106
0.00598764
0.00597560
0.00610202
0.00546252
0.00609598
0.00621474
0.00667775
0.00650656
0.00613589
0.00619423
0.00592351
0.00600479
0.00591896
0.00648444
0.00646523
0.00633530
0.00656650
0.00571114
0.00598050
0.00612449
0.00597073
0.00590754
0.00602908
0.00582508
0.00583631
0.00527654
0.00532704
0.00564838
0.00563283
0.00642140
0.00674442
0.00631839
0.00592190
0.00573603
0.00583091
0.00607653
0.00614359
0.00635271
0.00647204
0.00709077
0.00688489
0.00722314
0.00703952
0.00735502
0.00725476
0.00671542
0.00699392
0.00704021
0.00677542
0.00699890
0.00688326
0.00717097
0.00711293
0.00705292
0.00735011
0.00714743
0.00684923
0.00697555
0.00750622
0.00679569
0.00615154
0.00643173
0.00606050
0.00611275
0.00605533
0.00590550
0.00601412
0.00615043
0.00581743
0.00622656
0.00648343
0.00662505
0.00679640
0.00680490
0.00674318
0.00707630
0.00706764
0.00748424
0.00758302
0.00746767
0.00750488
0.00696753
0.00726896
0.00684377
0.00651639
0.00711255
0.00693837
0.00731706
0.00741306
0.00767065
0.00796070
0.00750552
0.00709051
0.00656050
0.00640402
0.00637289
0.00642280
0.00631133
0.00663728
0.00633410
0.00699224
0.00680367
0.00678570
0.00664033
0.00646484
0.00659144
0.00670379
0.00726643
0.00706531
0.00728168
0.00717570
0.00769051
0.00745310
0.00735689
0.00699553
0.00657907
0.00660701
0.00666785
0.00620034
0.00646533
0.00625614
0.00651354
0.00642870
0.00649357
0.00634890
0.00701685
0.00732772
0.00752847
0.00714860
0.00655903
0.00671715
0.00700543
0.00691679
0.00698165
0.00640311
0.00654135
0.00580193
0.00615455
0.00610650
0.00547254
0.00609179
0.00607083
0.00608003
0.00653961
0.00671836
0.00605872
0.00662620
0.00661102
0.00659887
0.00649421
0.00670777
0.00640638
0.00671931
0.00624277
0.00640956
0.00636521
0.00630633
0.00540195
0.00537150
0.00527564
0.00529656
0.00535453
0.00510464
0.00539218
0.00551042
0.00555491
0.00553347
0.00530227
0.00552753
0.00542608
0.00570453
0.00566292
0.00610991
0.00592816
0.00566687
0.00546176
0.00551962
0.00564694
0.00562448
0.00541835
0.00559748
0.00520012
0.00547485
0.00651738
0.00627829
0.00638654
0.00675800
0.00625562
0.00592331
0.00625038
0.00627051
0.00658260
0.00653096
0.00682400
0.00645069
0.00671350
0.00711905
0.00681105
0.00639936
0.00643675
0.00670083
0.00638669
0.00690875
0.00696804
0.00692595
0.00716126
0.00793364
0.00749990
0.00761404
0.00788491
0.00766105
0.00715512
0.00721259
0.00793302
0.00792999
0.00759600
0.00702824
0.00711793
0.00736939
0.00765876
0.00744499
0.00746173
0.00689228
0.00704923
0.00699770
0.00774889
0.00746908
0.00725719
0.00730433
0.00747312
0.00701061
0.00706387
0.00727848
0.00722889
0.00732294
0.00760793
0.00708084
0.00727962
0.00705224
0.00691961
0.00717281
0.00758472
0.00702619
0.00730088
0.00715723
0.00748883
0.00783043
0.00765823
0.00767809
0.00780830
0.00777894
0.00849361
0.00826731
0.00816862
0.00765707
0.00769722
0.00750137
0.00739967
0.00691333
0.00680835
0.00662255
0.00644468
0.00604989
0.00631957
0.00664455
0.00643671
0.00666001
0.00671620
0.00645155
0.00613713
0.00613175
0.00586899
0.00551346
0.00591888
0.00569612
0.00606298
0.00608530
0.00569779
0.00559141
0.00569984
0.00518431
0.00516875
0.00527307
0.00555256
0.00568094
0.00568033
0.00538345
0.00545944
0.00608898
0.00554431
0.00540099
0.00575813
0.00599842
0.00579083
0.00592030
0.00588736
0.00562810
0.00534256
0.00549386
0.00574433
0.00614308
0.00608993
0.00588996
0.00574657
0.00589923
0.00592684
0.00613886
0.00590792
0.00628575
0.00582359
0.00582075
0.00582264
0.00585813
0.00572271
0.00551523
0.00559099
0.00558043
0.00538824
0.00572790
0.00538269
0.00575466
0.00616639
0.00612564
0.00565539
0.00524991
0.00517945
0.00518591
0.00549083
0.00529194
0.00565256
0.00504832
0.00507294
0.00494866
0.00560393
0.00562554
0.00487663
0.00528831
0.00541995
0.00546624
0.00522502
0.00517168
0.00554718
0.00524348
0.00536570
0.00532962
0.00531678
0.00545795
0.00520936
0.00525595
0.00549604
0.00490970
0.00526297
0.00566098
0.00557609
0.00535308
0.00493791
0.00509118
0.00568404
0.00530951
0.00527458
0.00578744
0.00529163
0.00523478
0.00517228
0.00516652
0.00529495
0.00594894
0.00613417
0.00623781
0.00560840
0.00619391
0.00588337
0.00604370
0.00575330
0.00574385
0.00596532
0.00546778
0.00559746
0.00551068
0.00558644
0.00571157
0.00616955
0.00564246
0.00531806
0.00546236
0.00545317
0.00535496
0.00571702
0.00583508
0.00579526
0.00586298
0.00568873
0.00581464
0.00559092
0.00570325
0.00567997
0.00539703
0.00542823
0.00592432
0.00616451
0.00640692
0.00643747
0.00627514
0.00580549
0.00545992
0.00531882
0.00545541
0.00546254
0.00565021
0.00594223
0.00637554
0.00677083
0.00637875
0.00655258
0.00646340
0.00639869
0.00639505
0.00629702
0.00614136
0.00604198
0.00615325
0.00632059
0.00619124
0.00612017
0.00584490
0.00572398
0.00595946
0.00594446
0.00560839
0.00589558
0.00554002
0.00553401
0.00511257
0.00546494
0.00560397
0.00563584
0.00581510
0.00590026
0.00613543
0.00628555
0.00603114
0.00558691
0.00556855
0.00585708
0.00594658
0.00591915
0.00590699
0.00595382
0.00607899
0.00537939
0.00525931
0.00516248
0.00507214
0.00533187
0.00538826
0.00514003
0.00472727
0.00479592
0.00564590
0.00587949
0.00564138
0.00573652
0.00576892
0.00619192
0.00620927
0.00582831
0.00628466
0.00635399
0.00632364
0.00630994
0.00609093
0.00604755
0.00650381
0.00670196
0.00654673
0.00596705
0.00560328
0.00567708
0.00539724
0.00542913
0.00559529
0.00571105
0.00596764
0.00644415
0.00675605
0.00648920
0.00618571
0.00616731
0.00575341
0.00603833
0.00589897
0.00623645
0.00548440
0.00562152
0.00535798
0.00518474
0.00539541
0.00505227
0.00537776
0.00598814
0.00607731
0.00578999
0.00577785
0.00556247
0.00534547
0.00574270
0.00571282
0.00587701
0.00597721
0.00593158
0.00619130
0.00624833
0.00556603
0.00538717
0.00593506
0.00555900
0.00546819
0.00545991
0.00569539
0.00556815
0.00540284
0.00536391
0.00526552
0.00509374
0.00514040
0.00543317
0.00599603
0.00570848
0.00550174
0.00511834
0.00578599
0.00585254
0.00567342
0.00572752
0.00514309
0.00524947
0.00545943
0.00535765
0.00602174
0.00631083
0.00567451
0.00569774
0.00564876
0.00554660
0.00533704
0.00584883
0.00588798
0.00619565
0.00592049
0.00575494
0.00580843
0.00563280
0.00574907
0.00583838
0.00593148
0.00595222
0.00569439
0.00538662
0.00554553
0.00567038
0.00564352
0.00538635
0.00549783
0.00505565
0.00524207
0.00551717
0.00519603
0.00567709
0.00590559
0.00589660
0.00583911
0.00580223
0.00597948
0.00614376
0.00601817
0.00563397
0.00543721
0.00578560
0.00524618
0.00563491
0.00582605
0.00546192
0.00532141
0.00522412
0.00476346
0.00529332
0.00591277
0.00594382
0.00583680
0.00573534
0.00534746
0.00578018
0.00592379
0.00621839
0.00612470
0.00563205
0.00565114
0.00567389
0.00588368
0.00623090
0.00567927
0.00536006
0.00543752
0.00513632
0.00487134
0.00521655
0.00526025
0.00534647
0.00564623
0.00534011
0.00553161
0.00532088
0.00523305
0.00502977
0.00493269
0.00496093
0.00471100
0.00507906
0.00529931
0.00533607
0.00595009
0.00616664
0.00649583
0.00537944
0.00547439
0.00569886
0.00539710
0.00549008
0.00510767
0.00564432
0.00571343
0.00561990
0.00581665
0.00588100
0.00593178
0.00589526
0.00564098
0.00525473
0.00553348
0.00515245
0.00571379
0.00478217
0.00525324
0.00550394
0.00519820
0.00507784
0.00526498
0.00522751
0.00543877
0.00475812
0.00516394
0.00483443
0.00514742
0.00523939
0.00510501
0.00525148
0.00592996
0.00565678
0.00584314
0.00512394
0.00559100
0.00514976
0.00507387
0.00513298
0.00531026
0.00573297
0.00546242
0.00508576
0.00506019
0.00486017
0.00504725
0.00538277
0.00515139
0.00534084
0.00524282
0.00521506
0.00500222
0.00506406
0.00499735
0.00501382
0.00539333
0.00575147
0.00518056
0.00567734
0.00609640
0.00646723
0.00644156
0.00680838
0.00665255
0.00603242
0.00580455
0.00622362
0.00625235
0.00635140
0.00603238
0.00570975
0.00589645
0.00574344
0.00625815
0.00590542
0.00637543
0.00637495
0.00638959
0.00599116
0.00613449
0.00566301
0.00551525
0.00557630
0.00575928
0.00575335
0.00560114
0.00557731
0.00595968
0.00527214
0.00537628
0.00515589
0.00605450
0.00611079
0.00588208
0.00580790
0.00597425
0.00560205
0.00588448
0.00589998
0.00607817
0.00607904
0.00546790
0.00529417
0.00577955
0.00607239
0.00575502
0.00595547
0.00623706
0.00671094
0.00702469
0.00679172
0.00676927
0.00650683
0.00683849
0.00668388
0.00661456
0.00683436
0.00682600
0.00672656
0.00683943
0.00703375
0.00653210
0.00703558
0.00702118
0.00685107
0.00724238
0.00708365
0.00739516
0.00783323
0.00795877
0.00806361
0.00819150
0.00814573
0.00809137
0.00812101
0.00805553
0.00826123
0.00832687
0.00838399
0.00830059
0.00843189
0.00824498
0.00769008
0.00785955
0.00770414
0.00741424
0.00811259
0.00768225
0.00746414
0.00753333
0.00779476
0.00821029
0.00853103
0.00848364
0.00832297
0.00881957
0.00878697
0.00883826
0.00866155
0.00849665
0.00841709
0.00860342
0.00875646
0.00920200
0.00930453
0.00903038
0.00908793
0.00802598
0.00845767
0.00838952
0.00774177
0.00746484
0.00733548
0.00789265
0.00751461
0.00812690
0.00809307
0.00789181
0.00826788
0.00784499
0.00769188
0.00747782
0.00731616
0.00752954
0.00801081
0.00746179
0.00803044
0.00819548
0.00813099
0.00823096
0.00818665
0.00793227
0.00790085
0.00757158
0.00764352
0.00721551
0.00783472
0.00736578
0.00810133
0.00798869
0.00769416
0.00743799
0.00763169
0.00725905
0.00725092
0.00775514
0.00741339
0.00721243
0.00781136
0.00760419
0.00754905
0.00806207
0.00780410
0.00819316
0.00779598
0.00709029
0.00727719
0.00741098
0.00715888
0.00660342
0.00638422
0.00631988
0.00624774
0.00633716
0.00601854
0.00614518
0.00596907
0.00620010
0.00636608
0.00675109
0.00683416
0.00678174
0.00684839
0.00689342
0.00663017
0.00674026
0.00719943
0.00737965
0.00713278
0.00706114
0.00688480
0.00711241
0.00723333
0.00726082
0.00680047
0.00671383
0.00642007
0.00629156
0.00629660
0.00689900
0.00605665
0.00612037
0.00596330
0.00563418
0.00586962
0.00570532
0.00577446
0.00605649
0.00586193
0.00574433
0.00545581
0.00551559
0.00498226
0.00518567
0.00532580
0.00558768
0.00560646
0.00590452
0.00594050
0.00662170
0.00639101
0.00590564
0.00537490
0.00541829
0.00536340
0.00516633
0.00509738
0.00512071
0.00510110
0.00516973
0.00528230
0.00539386
0.00599377
0.00538133
0.00546592
0.00520659
0.00502984
0.00522023
0.00524319
0.00536893
0.00525450
0.00517240
0.00528623
0.00537622
0.00538945
0.00558750
0.00543971
0.00536609
0.00495145
0.00501653
0.00499830
0.00514968
0.00503339
0.00546896
0.00483351
0.00478515
0.00459943
0.00512184
0.00569565
0.00598318
0.00527967
0.00583127
0.00527402
0.00558899
0.00554113
0.00588435
0.00601303
0.00556701
0.00567368
0.00556756
0.00562190
0.00609205
0.00583703
0.00568009
0.00566473
0.00567180
0.00601453
0.00625432
0.00582292
0.00605662
0.00629393
0.00650932
0.00593960
0.00517666
0.00579889
0.00627341
0.00657956
0.00650092
0.00680957
0.00679791
0.00674784
0.00711193
0.00673774
0.00664182
0.00683401
0.00661284
0.00674690
0.00695217
0.00658879
0.00711610
0.00777973
0.00789493
0.00758989
0.00749290
0.00774184
0.00761511
0.00715338
0.00693292
0.00732300
0.00708024
0.00734612
0.00747065
0.00754130
0.00767705
0.00803749
0.00795653
0.00817284
0.00856667
0.00860435
0.00848621
0.00874738
0.00817060
0.00837245
0.00786779
0.00725763
0.00721566
0.00731521
0.00782907
0.00751895
0.00772188
0.00781424
0.00847186
0.00831715
0.00840979
0.00860979
0.00887989
0.00911848
0.00869233
0.00840953
0.00828156
0.00763420
0.00703848
0.00665020
0.00686259
0.00738127
0.00732869
0.00686238
0.00746098
0.00788215
0.00756611
0.00756436
0.00760353
0.00790984
0.00793403
0.00826859
0.00819077
0.00805964
0.00806601
0.00787280
0.00755785
0.00735526
0.00754038
0.00711568
0.00714270
0.00710691
0.00686958
0.00669378
0.00676659
0.00716147
0.00723264
0.00697459
0.00755785
0.00743983
0.00727154
0.00752515
0.00779492
0.00740831
0.00679475
0.00712964
0.00763076
0.00686948
0.00722999
0.00790828
0.00739267
0.00746448
0.00753472
0.00751690
0.00794425
0.00826596
0.00836516
0.00842363
0.00845847
0.00832714
0.00805673
0.00796114
0.00750057
0.00697695
0.00691004
0.00686198
0.00649837
0.00705554
0.00727638
0.00697959
0.00642437
0.00628192
0.00632231
0.00638486
0.00654340
0.00619335
0.00624033
0.00622697
0.00604395
0.00654685
0.00626182
0.00597668
0.00608432
0.00577040
0.00585251
0.00583126
0.00575067
0.00594913
0.00609009
0.00624896
0.00620690
0.00588507
0.00610171
0.00618796
0.00645053
0.00641641
0.00574309
0.00587438
0.00665441
0.00672922
0.00644557
0.00679008
0.00672855
0.00719555
0.00661103
0.00696901
0.00736598
0.00740386
0.00723655
0.00698251
0.00688288
0.00663850
0.00639687
0.00589553
0.00596370
0.00628503
0.00655783
0.00677440
0.00655578
0.00620869
0.00627878
0.00639307
0.00614605
0.00598861
0.00575279
0.00556701
0.00585664
0.00586714
0.00631640
0.00605731
0.00620458
0.00622836
0.00616841
0.00670588
0.00639544
0.00649602
0.00585293
0.00649675
0.00643711
0.00703542
0.00734252
0.00733008
0.00686531
0.00710954
0.00653627
0.00682369
0.00705236
0.00700189
0.00752958
0.00775596
0.00744938
0.00733390
0.00750120
0.00757640
0.00687782
0.00687266
0.00677670
0.00673333
0.00689019
0.00749134
0.00722113
0.00668930
0.00660546
0.00660915
0.00638316
0.00664073
0.00659803
0.00614305
0.00602944
0.00624620
0.00567136
0.00579846
0.00624198
0.00620343
0.00690353
0.00714640
0.00719231
0.00623057
0.00612298
0.00645001
0.00624034
0.00565744
0.00626365
0.00599166
0.00635908
0.00631265
0.00613670
0.00633338
0.00629178
0.00605178
0.00631832
0.00611009
0.00644148
0.00634536
0.00631857
0.00677648
0.00648905
0.00636950
0.00658416
0.00617318
0.00648595
0.00644819
0.00642981
0.00638381
0.00662543
0.00688530
0.00670082
0.00659663
0.00641714
0.00651112
0.00608676
0.00572181
0.00587050
0.00595725
0.00592182
0.00582230
0.00587792
0.00613388
0.00587685
0.00564434
0.00568497
0.00584096
0.00586402
0.00603760
0.00612814
0.00617502
0.00621973
0.00635949
0.00560098
0.00589910
0.00563380
0.00571070
0.00542778
0.00586030
0.00584712
0.00556068
0.00590730
0.00592128
0.00568240
0.00590339
0.00610134
0.00671282
0.00625973
0.00631708
0.00685309
0.00703878
0.00682931
0.00668241
0.00638779
0.00673463
0.00672108
0.00708321
0.00715046
0.00719044
0.00750454
0.00712626
0.00727252
0.00721729
0.00721546
0.00719955
0.00723081
0.00702605
0.00690489
0.00689323
0.00675174
0.00666457
0.00714556
0.00707004
0.00688653
0.00644835
0.00599929
0.00577815
0.00533104
0.00498897
0.00546026
0.00582132
0.00575134
0.00591339
0.00573269
0.00564358
0.00646250
0.00614119
0.00550750
0.00585157
0.00566280
0.00546754
0.00549303
0.00605120
0.00571952
0.00531922
0.00551360
0.00564755
0.00570829
0.00496755
0.00495602
0.00492041
0.00555147
0.00551126
0.00587848
0.00574818
0.00491601
0.00498390
0.00488553
0.00537463
0.00510039
0.00509148
0.00499240
0.00509653
0.00505317
0.00529142
0.00535561
0.00534894
0.00509190
0.00515210
0.00499946
0.00520796
0.00557571
0.00581328
0.00540833
0.00533640
0.00561802
0.00554954
0.00534151
0.00535417
0.00553401
0.00524825
0.00496421
0.00523554
0.00526193
0.00558257
0.00545823
0.00542163
0.00563592
0.00580144
0.00593263
0.00560790
0.00623722
0.00606164
0.00626845
0.00645951
0.00676478
0.00672555
0.00654261
0.00587860
0.00590956
0.00641396
0.00679453
0.00741979
0.00696332
0.00730662
0.00732389
0.00775450
0.00783613
0.00801502
0.00818458
0.00775407
0.00756866
0.00782274
0.00776079
0.00775283
0.00819126
0.00786382
0.00740220
0.00722705
0.00740810
0.00736286
0.00712862
0.00759031
0.00762494
0.00777069
0.00788250
0.00798902
0.00807017
0.00809533
0.00756616
0.00765037
0.00754833
0.00751581
0.00838134
0.00845765
0.00819138
0.00791225
0.00827578
0.00806634
0.00813964
0.00761807
0.00764235
0.00732172
0.00747188
0.00705469
0.00640779
0.00648494
0.00664880
0.00662908
0.00670163
0.00696337
0.00706732
0.00681837
0.00710451
0.00732592
0.00726714
0.00693964
0.00721438
0.00656677
0.00617551
0.00618814
0.00586422
0.00661125
0.00681004
0.00642359
0.00667171
0.00661752
0.00606049
0.00621413
0.00581093
0.00625159
0.00678786
0.00688419
0.00638632
0.00608498
0.00624119
0.00629175
0.00677082
0.00726874
0.00776442
0.00803633
0.00744586
0.00700611
0.00744566
0.00761632
0.00756049
0.00727968
0.00696233
0.00785857
0.00806752
0.00788193
0.00819515
0.00796484
0.00813104
0.00756711
0.00779493
0.00825493
0.00830268
0.00754063
0.00783328
0.00800943
0.00740130
0.00722378
0.00768648
0.00741011
0.00682936
0.00689941
0.00653414
0.00633772
0.00623126
0.00599347
0.00699876
0.00669845
0.00690726
0.00668654
0.00684334
0.00688682
0.00670176
0.00686646
0.00692891
0.00673322
0.00638110
0.00637161
0.00570977
0.00587313
0.00571839
0.00635034
0.00647187
0.00613630
0.00626686
0.00594732
0.00649521
0.00611764
0.00659695
0.00602079
0.00628116
0.00627936
0.00644078
0.00687352
0.00669822
0.00685263
0.00671674
0.00628543
0.00713693
0.00701650
0.00627124
0.00617040
0.00628823
0.00612437
0.00629736
0.00640058
0.00686600
0.00675212
0.00705326
0.00716440
0.00686300
0.00667134
0.00670145
0.00617379
0.00617081
0.00598656
0.00638211
0.00652402
0.00636703
0.00680595
0.00604508
0.00616539
0.00653733
0.00644190
0.00634632
0.00625133
0.00631818
0.00593353
0.00631952
0.00662612
0.00633671
0.00640275
0.00654349
0.00665331
0.00636554
0.00622219
0.00616677
0.00639377
0.00629066
0.00614553
0.00627368
0.00618654
0.00637293
0.00655037
0.00692872
0.00664319
0.00638849
0.00648180
0.00635409
0.00661004
0.00652657
0.00612645
0.00649691
0.00631218
0.00641247
0.00663833
0.00630211
0.00652873
0.00615008
0.00643156
0.00643411
0.00616657
0.00634311
0.00646800
0.00663230
0.00699074
0.00688622
0.00648171
0.00625498
0.00613030
0.00609306
0.00613139
0.00614867
0.00609397
0.00574382
0.00606632
0.00645526
0.00729024
0.00772690
0.00745803
0.00726428
0.00673513
0.00647327
0.00669519
0.00639604
0.00620093
0.00672922
0.00662824
0.00633825
0.00688650
0.00688450
0.00667715
0.00715823
0.00694453
0.00771396
0.00712158
0.00753330
0.00696087
0.00697727
0.00688536
0.00618902
0.00641505
0.00671240
0.00668241
0.00664755
0.00701877
0.00683590
0.00640772
0.00612886
0.00601471
0.00609884
0.00621316
0.00641825
0.00628097
0.00648884
0.00677600
0.00713711
0.00647559
0.00692654
0.00662673
0.00622771
0.00614248
0.00604284
0.00583355
0.00561220
0.00556708
0.00571166
0.00614216
0.00632154
0.00664543
0.00655580
0.00620617
0.00598816
0.00609928
0.00670863
0.00641711
0.00648171
0.00716538
0.00738928
0.00753486
0.00757830
0.00647383
0.00636310
0.00622095
0.00586119
0.00668753
0.00631074
0.00609412
0.00602062
0.00590388
0.00574024
0.00571844
0.00596217
0.00542052
0.00542524
0.00553602
0.00548599
0.00539969
0.00558079
0.00499102
0.00572664
0.00588214
0.00666178
0.00686057
0.00712559
0.00714010
0.00694328
0.00759556
0.00739413
0.00760278
0.00762999
0.00730787
0.00774480
0.00751106
0.00790822
0.00722876
0.00763341
0.00704305
0.00697849
0.00689547
0.00788226
0.00763161
0.00785624
0.00743253
0.00732773
0.00726951
0.00732508
0.00737547
0.00724471
0.00720908
0.00769012
0.00718791
0.00763187
0.00727571
0.00654237
0.00639580
0.00680154
0.00730827
0.00710071
0.00699366
0.00694354
0.00742609
0.00736106
0.00768973
0.00832325
0.00778002
0.00825273
0.00864521
0.00832601
0.00843500
0.00765491
0.00682180
0.00766128
0.00736980
0.00677299
0.00666436
0.00701772
0.00654649
0.00687623
0.00660251
0.00657427
0.00668371
0.00642289
0.00711408
0.00650927
0.00656427
0.00677351
0.00652373
0.00654347
0.00669552
0.00619458
0.00653494
0.00632999
0.00638223
0.00672716
0.00640195
0.00667941
0.00697460
0.00730530
0.00706013
0.00727161
0.00768805
0.00784206
0.00713464
0.00751757
0.00743782
0.00722517
0.00819124
0.00780138
0.00758084
0.00752301
0.00706968
0.00756678
0.00750387
0.00753396
0.00781270
0.00734191
0.00716582
0.00713617
0.00684947
0.00684958
0.00715956
0.00738509
0.00709213
0.00712481
0.00734371
0.00685053
0.00712569
0.00713499
0.00631646
0.00591203
0.00580168
0.00587704
0.00587854
0.00595480
0.00601360
0.00601340
0.00587201
0.00510028
0.00545655
0.00561038
0.00511974
0.00564556
0.00549658
0.00562914
0.00576401
0.00597949
0.00564655
0.00552615
0.00586891
0.00560653
0.00550339
0.00572313
0.00532030
0.00563720
0.00512984
0.00556968
0.00591323
0.00576450
0.00606435
0.00604237
0.00600619
0.00599875
0.00607152
0.00640825
0.00635435
0.00657931
0.00633353
0.00629073
0.00611503
0.00635279
0.00590987
0.00617509
0.00646518
0.00705450
0.00700389
0.00717065
0.00744344
0.00748787
0.00726307
0.00726146
0.00706283
0.00693084
0.00702974
0.00715796
0.00735767
0.00706640
0.00698144
0.00702464
0.00722862
0.00701746
0.00699038
0.00729235
0.00705072
0.00695630
0.00660990
0.00648704
0.00621723
0.00648718
0.00610918
0.00617806
0.00623071
0.00654414
0.00647780
0.00600896
0.00612614
0.00592125
0.00574534
0.00603274
0.00573131
0.00504396
0.00535354
0.00513163
0.00533809
0.00575855
0.00570758
0.00594710
0.00549650
0.00619561
0.00580925
0.00607733
0.00582398
0.00595646
0.00584529
0.00601522
0.00629977
0.00652904
0.00594390
0.00644314
0.00654756
0.00596083
0.00620548
0.00603896
0.00575569
0.00586717
0.00572201
0.00589032
0.00577877
0.00572841
0.00549193
0.00587155
0.00568017
0.00518163
0.00535630
0.00572413
0.00580299
0.00532535
0.00543714
0.00600819
0.00598124
0.00622810
0.00694049
0.00681292
0.00601655
0.00551930
0.00597286
0.00630482
0.00628939
0.00649053
0.00664897
0.00663471
0.00627325
0.00621381
0.00597897
0.00592753
0.00600736
0.00674785
0.00685823
0.00672379
0.00668407
0.00676512
0.00720771
0.00728694
0.00839320
0.00846786
0.00845449
0.00861746
0.00923995
0.00980729
0.00959304
0.00918252
0.00932445
0.00947173
0.00904411
0.00896038
0.00860750
0.00868409
0.00816201
0.00829613
0.00859486
0.00838979
0.00793306
0.00798715
0.00850292
0.00815533
0.00853619
0.00811414
0.00854040
0.00790597
0.00823076
0.00769429
0.00800998
0.00861716
0.00848309
0.00818223
0.00862918
0.00830730
0.00877689
0.00870550
0.00865775
0.00904533
0.00898487
0.00877150
0.00832929
0.00844039
0.00837557
0.00857726
0.00841688
0.00879823
0.00850568
0.00793106
0.00763312
0.00762523
0.00735333
0.00707623
0.00715378
0.00715120
0.00730938
0.00695410
0.00711472
0.00754832
0.00715031
0.00755336
0.00670014
0.00664883
0.00700457
0.00680928
0.00639468
0.00643702
0.00602499
0.00594126
0.00584131
0.00535383
0.00562616
0.00533202
0.00519701
0.00550164
0.00557102
0.00577065
0.00532252
0.00598066
0.00546981
0.00503405
0.00514367
0.00526037
0.00531672
0.00552330
0.00576079
0.00585308
0.00572621
0.00660749
0.00630791
0.00684926
0.00667630
0.00660312
0.00643717
0.00635937
0.00617517
0.00602289
0.00540450
0.00539484
0.00512758
0.00475173
0.00482141
0.00514849
0.00518908
0.00491657
0.00509047
0.00534287
0.00510119
0.00491136
0.00517886
0.00538862
0.00486701
0.00516521
0.00482242
0.00471849
0.00493327
0.00464219
0.00443369
0.00441966
0.00452957
0.00480989
0.00480500
0.00464189
0.00454641
0.00460900
0.00493306
0.00523776
0.00567704
0.00603220
0.00618929
0.00573673
0.00531836
0.00496369
0.00488919
0.00531493
0.00531575
0.00562647
0.00545301
0.00574689
0.00546901
0.00574277
0.00539136
0.00568860
0.00560630
0.00541928
0.00526141
0.00546956
0.00543543
0.00502974
0.00566891
0.00520224
0.00529332
0.00550874
0.00532847
0.00538332
0.00523744
0.00539813
0.00515573
0.00500913
0.00486424
0.00498744
0.00489461
0.00487971
0.00544201
0.00558287
0.00597763
0.00601996
0.00569341
0.00581285
0.00582293
0.00569916
0.00560040
0.00589604
0.00594800
0.00597458
0.00591851
0.00602697
0.00615738
0.00559896
0.00556776
0.00605734
0.00590852
0.00554556
0.00554278
0.00581421
0.00557930
0.00589194
0.00626400
0.00603986
0.00584024
0.00670666
0.00673558
0.00667423
0.00612989
0.00622486
0.00567476
0.00546792
0.00557124
0.00543949
0.00531134
0.00521216
0.00536506
0.00557758
0.00566584
0.00560476
0.00552525
0.00569261
0.00578469
0.00508464
0.00487813
0.00501532
0.00517194
0.00526964
0.00532166
0.00526090
0.00557506
0.00519583
0.00545498
0.00531135
0.00535260
0.00532935
0.00550279
0.00580892
0.00606462
0.00648955
0.00662918
0.00615848
0.00628439
0.00612813
0.00616179
0.00582363
0.00587231
0.00600244
0.00626145
0.00616801
0.00612771
0.00599939
0.00582969
0.00550217
0.00552271
0.00574081
0.00561405
0.00574572
0.00579943
0.00561747
0.00588971
0.00583438
0.00593932
0.00598492
0.00591793
0.00542965
0.00537899
0.00506722
0.00537009
0.00517930
0.00544453
0.00521752
0.00529372
0.00518493
0.00509657
0.00516080
0.00510559
0.00461459
0.00474884
0.00463345
0.00513274
0.00484292
0.00501463
0.00489379
0.00486925
0.00516934
0.00524757
0.00500719
0.00489654
0.00477023
0.00527214
0.00514049
0.00502508
0.00515753
0.00561241
0.00568881
0.00547856
0.00573226
0.00589966
0.00583181
0.00557492
0.00585451
0.00590804
0.00663535
0.00700171
0.00672086
0.00681936
0.00721458
0.00680374
0.00664896
0.00696307
0.00677866
0.00630759
0.00722078
0.00645738
0.00586515
0.00582541
0.00559440
0.00572050
0.00557986
0.00568784
0.00546944
0.00561382
0.00550680
0.00545255
0.00555803
0.00546968
0.00538021
0.00518375
0.00468317
0.00495025
0.00531709
0.00496903
0.00538850
0.00508133
0.00519832
0.00564824
0.00617339
0.00630168
0.00567146
0.00570599
0.00582978
0.00549240
0.00527432
0.00480487
0.00549035
0.00545258
0.00529953
0.00533063
0.00529698
0.00504184
0.00506066
0.00530712
0.00514984
0.00502471
0.00509859
0.00510431
0.00528698
0.00492007
0.00532824
0.00553441
0.00551243
0.00550503
0.00574293
0.00558609
0.00561056
0.00521545
0.00544944
0.00556019
0.00573195
0.00602295
0.00603173
0.00568082
0.00585565
0.00571867
0.00609942
0.00579358
0.00582359
0.00563827
0.00562126
0.00615566
0.00576196
0.00544158
0.00548613
0.00544275
0.00525147
0.00538864
0.00548155
0.00510256
0.00502511
0.00555053
0.00517563
0.00498284
0.00507357
0.00454990
0.00475456
0.00466428
0.00468995
0.00517642
0.00531089
0.00592975
0.00580917
0.00527785
0.00543350
0.00599962
0.00594660
0.00600736
0.00612860
0.00645948
0.00616073
0.00612805
0.00649159
0.00674166
0.00622681
0.00670648
0.00750484
0.00712277
0.00691821
0.00733903
0.00731051
0.00715290
0.00749594
0.00759031
0.00758568
0.00762460
0.00792244
0.00822589
0.00842182
0.00861161
0.00894176
0.00932268
0.00882947
0.00887342
0.00852785
0.00852761
0.00909173
0.00920340
0.00890103
0.00875225
0.00861186
0.00836516
0.00836586
0.00816102
0.00869266
0.00841686
0.00797785
0.00782716
0.00806776
0.00752107
0.00731719
0.00744067
0.00701496
0.00730933
0.00718902
0.00717492
0.00693517
0.00674587
0.00634032
0.00635616
0.00652342
0.00651094
0.00692759
0.00666687
0.00699267
0.00600346
0.00609551
0.00631998
0.00618830
0.00607265
0.00656512
0.00663027
0.00687281
0.00693032
0.00714129
0.00754209
0.00770235
0.00721643
0.00684696
0.00685325
0.00678932
0.00675410
0.00683755
0.00713163
0.00719142
0.00703658
0.00690199
0.00682054
0.00729393
0.00698922
0.00646875
0.00664013
0.00725095
0.00699721
0.00734437
0.00672761
0.00691003
0.00707867
0.00703421
0.00663034
0.00645539
0.00623092
0.00623010
0.00636612
0.00662722
0.00675812
0.00628772
0.00622754
0.00662405
0.00668370
0.00703660
0.00696729
0.00619899
0.00658465
0.00656188
0.00673010
0.00637443
0.00654529
0.00646284
0.00681803
0.00707207
0.00723780
0.00699772
0.00687853
0.00685039
0.00694256
0.00660201
0.00667791
0.00696189
0.00743142
0.00694147
0.00612798
0.00595365
0.00623176
0.00596166
0.00583590
0.00668996
0.00623584
0.00665641
0.00661264
0.00701454
0.00716812
0.00710076
0.00705594
0.00697481
0.00687953
0.00677692
0.00676168
0.00666798
0.00671205
0.00650609
0.00604565
0.00655686
0.00644986
0.00616442
0.00632254
0.00624918
0.00617672
0.00568498
0.00598239
0.00649301
0.00671572
0.00659573
0.00612032
0.00622255
0.00641328
0.00634545
0.00638069
0.00662933
0.00623806
0.00672833
0.00654595
0.00657078
0.00695244
0.00686341
0.00627079
0.00645117
0.00683399
0.00707794
0.00713663
0.00621581
0.00626596
0.00652879
0.00616289
0.00631008
0.00604753
0.00665004
0.00684063
0.00667123
0.00654086
0.00663763
0.00672874
0.00621439
0.00612477
0.00584821
0.00575179
0.00568483
0.00573973
0.00582340
0.00616022
0.00631804
0.00628368
0.00661863
0.00679627
0.00616329
0.00580409
0.00565188
0.00573419
0.00550508
0.00570016
0.00550880
0.00539899
0.00578744
0.00533051
0.00544046
0.00551681
0.00535791
0.00525388
0.00526386
0.00549322
0.00542825
0.00535230
0.00522440
0.00594100
0.00530320
0.00572297
0.00579488
0.00641596
0.00606586
0.00583069
0.00536313
0.00539038
0.00544467
0.00579067
0.00536976
0.00545915
0.00498213
0.00534797
0.00514314
0.00505721
0.00513235
0.00522351
0.00502278
0.00474095
0.00517718
0.00534897
0.00497357
0.00496196
0.00526833
0.00535494
0.00515717
0.00529181
0.00526839
0.00557876
0.00549917
0.00520375
0.00502437
0.00545445
0.00591537
0.00574024
0.00595107
0.00571254
0.00560740
0.00585151
0.00567311
0.00572201
0.00531465
0.00578685
0.00578204
0.00575145
0.00582882
0.00568579
0.00587182
0.00541224
0.00589721
0.00626888
0.00663119
0.00624680
0.00587174
0.00595757
0.00629951
0.00633158
0.00641782
0.00644599
0.00641807
0.00626651
0.00661861
0.00663287
0.00647860
0.00663686
0.00631422
0.00615645
0.00561735
0.00543490
0.00612509
0.00632742
0.00633762
0.00621840
0.00629718
0.00678936
0.00709460
0.00699463
0.00691140
0.00647950
0.00640226
0.00644738
0.00634735
0.00645296
0.00617518
0.00603065
0.00596858
0.00552417
0.00558828
0.00587033
0.00618865
0.00629253
0.00710834
0.00713726
0.00659279
0.00721201
0.00669448
0.00700085
0.00708560
0.00697780
0.00723348
0.00724835
0.00677469
0.00664109
0.00667395
0.00725807
0.00723631
0.00773319
0.00756367
0.00758518
0.00747263
0.00719741
0.00749878
0.00736524
0.00747402
0.00743398
0.00773402
0.00714472
0.00701431
0.00729047
0.00726974
0.00695911
0.00724215
0.00734954
0.00716969
0.00737211
0.00777676
0.00756272
0.00752107
0.00764815
0.00727871
0.00746653
0.00789632
0.00798339
0.00720666
0.00688142
0.00663893
0.00627877
0.00622250
0.00665041
0.00602060
0.00582548
0.00637655
0.00638195
0.00628327
0.00648782
0.00681788
0.00630226
0.00673496
0.00634542
0.00626961
0.00651390
0.00648656
0.00636879
0.00621121
0.00626398
0.00631557
0.00644529
0.00624948
0.00613675
0.00572949
0.00569688
0.00562930
0.00587870
0.00570195
0.00553832
0.00528819
0.00550547
0.00513892
0.00551003
0.00499812
0.00555188
0.00534736
0.00557216
0.00552094
0.00569831
0.00602954
0.00606019
0.00636956
0.00618920
0.00587890
0.00613373
0.00645547
0.00612278
0.00612412
0.00670566
0.00698550
0.00665118
0.00626025
0.00641183
0.00644504
0.00606128
0.00653286
0.00613161
0.00638719
0.00658447
0.00668983
0.00679272
0.00700442
0.00642569
0.00620584
0.00673314
0.00713159
0.00713584
0.00664240
0.00678484
0.00649481
0.00643647
0.00671914
0.00634713
0.00667876
0.00644197
0.00661963
0.00632677
0.00649678
0.00654654
0.00626102
0.00621800
0.00635282
0.00688041
0.00658624
0.00624912
0.00646708
0.00656237
0.00631060
0.00637595
0.00651638
0.00628272
0.00651946
0.00614758
0.00626314
0.00568093
0.00540439
0.00627386
0.00640898
0.00608986
0.00649089
0.00639039
0.00587328
0.00565533
0.00594751
0.00583676
0.00593319
0.00624035
0.00632396
0.00649541
0.00570207
0.00578381
0.00574379
0.00620699
0.00561611
0.00557419
0.00560423
0.00588703
0.00598146
0.00548096
0.00544314
0.00557506
0.00530100
0.00562542
0.00603833
0.00623318
0.00634216
0.00617700
0.00551602
0.00557992
0.00574816
0.00586341
0.00550832
0.00546269
0.00517766
0.00491334
0.00508060
0.00530553
0.00479225
0.00472089
0.00492965
0.00508587
0.00541535
0.00548464
0.00546702
0.00554689
0.00588811
0.00586819
0.00544622
0.00557899
0.00565073
0.00527099
0.00551534
0.00560295
0.00596490
0.00594360
0.00607794
0.00589977
0.00599777
0.00588370
0.00571922
0.00598863
0.00634385
0.00625703
0.00636523
0.00562702
0.00553370
0.00544019
0.00544546
0.00539039
0.00545626
0.00536511
0.00590891
0.00573967
0.00518448
0.00592343
0.00569885
0.00570207
0.00578466
0.00604721
0.00547157
0.00517255
0.00553052
0.00558599
0.00548000
0.00627047
0.00619218
0.00600922
0.00567659
0.00612963
0.00649702
0.00653006
0.00619842
0.00634576
0.00718027
0.00660092
0.00628113
0.00623873
0.00651308
0.00647878
0.00656599
0.00641212
0.00626301
0.00643347
0.00707406
0.00649050
0.00604523
0.00559795
0.00592039
0.00626938
0.00696087
0.00653298
0.00671387
0.00704125
0.00694928
0.00743367
0.00746640
0.00719436
0.00701920
0.00687614
0.00713626
0.00658643
0.00634125
0.00622389
0.00669804
0.00649745
0.00706136
0.00674022
0.00741482
0.00672307
0.00649807
0.00638409
0.00615177
0.00626152
0.00645341
0.00640153
0.00610491
0.00551832
0.00547865
0.00576601
0.00623937
0.00630017
0.00628143
0.00618011
0.00589957
0.00623945
0.00612280
0.00586634
0.00565003
0.00584499
0.00664629
0.00634765
0.00590210
0.00601854
0.00650330
0.00634551
0.00633329
0.00677664
0.00647449
0.00652811
0.00632651
0.00672849
0.00710334
0.00708434
0.00727294
0.00659432
0.00658444
0.00671024
0.00678098
0.00711129
0.00703199
0.00672956
0.00675619
0.00678334
0.00648810
0.00666018
0.00620233
0.00675361
0.00716086
0.00766127
0.00739485
0.00708961
0.00768510
0.00719670
0.00718431
0.00677187
0.00666263
0.00642511
0.00606564
0.00602458
0.00626827
0.00595590
0.00563498
0.00575843
0.00544221
0.00536621
0.00564850
0.00591201
0.00616369
0.00590945
0.00595390
0.00620091
0.00592086
0.00530202
